{
 "cells": [
  {
   "cell_type": "code",
   "execution_count": 2,
   "id": "0c293d13",
   "metadata": {},
   "outputs": [],
   "source": [
    "import numpy as np"
   ]
  },
  {
   "cell_type": "code",
   "execution_count": 9,
   "id": "298f99cf",
   "metadata": {},
   "outputs": [],
   "source": [
    "np.random.seed(42)\n",
    "w = np.random.random((5, 1))\n",
    "\n",
    "X = np.random.random((4, 5))"
   ]
  },
  {
   "cell_type": "code",
   "execution_count": 10,
   "id": "010ec6c6",
   "metadata": {},
   "outputs": [
    {
     "data": {
      "text/plain": [
       "array([[1.21801794],\n",
       "       [1.69464656],\n",
       "       [1.04608305],\n",
       "       [0.86611142]])"
      ]
     },
     "execution_count": 10,
     "metadata": {},
     "output_type": "execute_result"
    }
   ],
   "source": [
    "X.dot(w)"
   ]
  },
  {
   "cell_type": "code",
   "execution_count": 19,
   "id": "fd83c7a2",
   "metadata": {},
   "outputs": [
    {
     "data": {
      "text/plain": [
       "1.6946465556062398"
      ]
     },
     "execution_count": 19,
     "metadata": {},
     "output_type": "execute_result"
    }
   ],
   "source": [
    "result = 0\n",
    "for i in range(w.size):\n",
    "    result += float(w[i] * X[1][i])\n",
    "result"
   ]
  },
  {
   "cell_type": "code",
   "execution_count": 18,
   "id": "43fcb5c1",
   "metadata": {},
   "outputs": [
    {
     "data": {
      "text/plain": [
       "array([1.69464656])"
      ]
     },
     "execution_count": 18,
     "metadata": {},
     "output_type": "execute_result"
    }
   ],
   "source": [
    "X[1].dot(w)"
   ]
  },
  {
   "cell_type": "code",
   "execution_count": 13,
   "id": "96a14bc3",
   "metadata": {},
   "outputs": [
    {
     "data": {
      "text/plain": [
       "array([0.37454012])"
      ]
     },
     "execution_count": 13,
     "metadata": {},
     "output_type": "execute_result"
    }
   ],
   "source": [
    "w[0]"
   ]
  },
  {
   "cell_type": "code",
   "execution_count": 14,
   "id": "7744ca15",
   "metadata": {},
   "outputs": [
    {
     "data": {
      "text/plain": [
       "array([0.15599452, 0.05808361, 0.86617615, 0.60111501, 0.70807258])"
      ]
     },
     "execution_count": 14,
     "metadata": {},
     "output_type": "execute_result"
    }
   ],
   "source": [
    "X[0]"
   ]
  },
  {
   "cell_type": "code",
   "execution_count": 20,
   "id": "efd45779",
   "metadata": {},
   "outputs": [
    {
     "data": {
      "text/plain": [
       "array([[0.15599452, 0.05808361, 0.86617615, 0.60111501, 0.70807258],\n",
       "       [0.02058449, 0.96990985, 0.83244264, 0.21233911, 0.18182497],\n",
       "       [0.18340451, 0.30424224, 0.52475643, 0.43194502, 0.29122914],\n",
       "       [0.61185289, 0.13949386, 0.29214465, 0.36636184, 0.45606998]])"
      ]
     },
     "execution_count": 20,
     "metadata": {},
     "output_type": "execute_result"
    }
   ],
   "source": [
    "X"
   ]
  },
  {
   "cell_type": "code",
   "execution_count": 21,
   "id": "92889587",
   "metadata": {},
   "outputs": [],
   "source": [
    "np.random.shuffle?"
   ]
  },
  {
   "cell_type": "code",
   "execution_count": 22,
   "id": "54514492",
   "metadata": {},
   "outputs": [],
   "source": [
    "np.random.shuffle(X)"
   ]
  },
  {
   "cell_type": "code",
   "execution_count": 23,
   "id": "f53e32b3",
   "metadata": {},
   "outputs": [
    {
     "data": {
      "text/plain": [
       "array([[0.61185289, 0.13949386, 0.29214465, 0.36636184, 0.45606998],\n",
       "       [0.15599452, 0.05808361, 0.86617615, 0.60111501, 0.70807258],\n",
       "       [0.02058449, 0.96990985, 0.83244264, 0.21233911, 0.18182497],\n",
       "       [0.18340451, 0.30424224, 0.52475643, 0.43194502, 0.29122914]])"
      ]
     },
     "execution_count": 23,
     "metadata": {},
     "output_type": "execute_result"
    }
   ],
   "source": [
    "X"
   ]
  },
  {
   "cell_type": "code",
   "execution_count": 30,
   "id": "68cf68ce",
   "metadata": {},
   "outputs": [],
   "source": [
    "batch = np.random.choice(np.arange(X.shape[0]), 2)"
   ]
  },
  {
   "cell_type": "code",
   "execution_count": 31,
   "id": "85626ed9",
   "metadata": {},
   "outputs": [
    {
     "data": {
      "text/plain": [
       "array([3, 0])"
      ]
     },
     "execution_count": 31,
     "metadata": {},
     "output_type": "execute_result"
    }
   ],
   "source": [
    "batch"
   ]
  },
  {
   "cell_type": "code",
   "execution_count": 32,
   "id": "5c5e8f5f",
   "metadata": {},
   "outputs": [
    {
     "data": {
      "text/plain": [
       "array([[0.18340451, 0.30424224, 0.52475643, 0.43194502, 0.29122914],\n",
       "       [0.61185289, 0.13949386, 0.29214465, 0.36636184, 0.45606998]])"
      ]
     },
     "execution_count": 32,
     "metadata": {},
     "output_type": "execute_result"
    }
   ],
   "source": [
    "X[batch]"
   ]
  },
  {
   "cell_type": "code",
   "execution_count": 25,
   "id": "b8140b30",
   "metadata": {},
   "outputs": [
    {
     "ename": "ValueError",
     "evalue": "a must be 1-dimensional",
     "output_type": "error",
     "traceback": [
      "\u001b[1;31m---------------------------------------------------------------------------\u001b[0m",
      "\u001b[1;31mValueError\u001b[0m                                Traceback (most recent call last)",
      "Cell \u001b[1;32mIn [25], line 1\u001b[0m\n\u001b[1;32m----> 1\u001b[0m \u001b[43mnp\u001b[49m\u001b[38;5;241;43m.\u001b[39;49m\u001b[43mrandom\u001b[49m\u001b[38;5;241;43m.\u001b[39;49m\u001b[43mchoice\u001b[49m\u001b[43m(\u001b[49m\u001b[43mX\u001b[49m\u001b[43m,\u001b[49m\u001b[43m \u001b[49m\u001b[38;5;241;43m2\u001b[39;49m\u001b[43m)\u001b[49m\n",
      "File \u001b[1;32mmtrand.pyx:911\u001b[0m, in \u001b[0;36mnumpy.random.mtrand.RandomState.choice\u001b[1;34m()\u001b[0m\n",
      "\u001b[1;31mValueError\u001b[0m: a must be 1-dimensional"
     ]
    }
   ],
   "source": [
    "np.random.choice(X, 2)"
   ]
  },
  {
   "cell_type": "code",
   "execution_count": null,
   "id": "686f1a21",
   "metadata": {},
   "outputs": [],
   "source": []
  }
 ],
 "metadata": {
  "kernelspec": {
   "display_name": "Python 3 (ipykernel)",
   "language": "python",
   "name": "python3"
  },
  "language_info": {
   "codemirror_mode": {
    "name": "ipython",
    "version": 3
   },
   "file_extension": ".py",
   "mimetype": "text/x-python",
   "name": "python",
   "nbconvert_exporter": "python",
   "pygments_lexer": "ipython3",
   "version": "3.10.6"
  }
 },
 "nbformat": 4,
 "nbformat_minor": 5
}
